	A	R	N	D	C	Q	E	G	H	I	L	K	M	F	P	S	T	W	Y	V
A	-1.0753753	0.004233024	0.0012812293	0.008617756	0.017537586	0.011851048	0.01714743	0.19331965	0.0012640192	0.023825053	0.057920802	0.005721416	0.032101233	0.02338667	0.03649093	0.310048	0.11801748	0.0029633667	0.0041451477	0.20550355
R	0.015878871	-0.70385695	0.016774042	0.015806297	0.00017597596	0.08025934	0.010986162	0.031245569	0.05217356	0.010191042	0.013461407	0.33138657	0.00057446206	0.0039048577	0.018373743	0.043078367	0.02659819	0.013032484	0.012242356	0.0077136764
N	0.00359702	0.012554079	-0.8525913	0.13304378	0.0046609067	0.04554644	0.021969656	0.051328234	0.07414525	0.01645644	0.013496296	0.086952545	0.022669751	0.008395103	0.008432155	0.23428981	0.072710924	0.0033742394	0.032089207	0.006879435
D	0.03670933	0.017949136	0.20186493	-0.7405009	1.0219051e-06	0.020297756	0.20555687	0.06528674	0.016304163	0.00013663592	0.0027729066	0.015925273	0.0026313479	1.6387126e-05	0.031975463	0.06952179	0.028886849	0.0020844038	0.0134524675	0.009127406
C	0.24980402	0.0006682117	0.023647435	3.4171014e-06	-1.4447709	0.010622639	0.0036649646	0.10120118	0.0052942396	0.03220627	0.09627166	1.7431168e-05	0.045265514	0.16065612	0.011351608	0.34330642	0.094711624	0.022052528	0.040769316	0.2032564
Q	0.055416185	0.10004759	0.07586096	0.022281561	0.0034872473	-0.9951292	0.18290022	0.038766477	0.11893351	0.0058241505	0.05024097	0.09631754	0.039386135	0.00028844722	0.0333455	0.07114313	0.06525851	0.0023632469	0.014749566	0.018518275
E	0.05709819	0.009752153	0.026057372	0.16068415	0.0008567687	0.13024399	-0.6427408	0.036703717	0.01700251	0.00370856	0.013590782	0.046221953	0.0011660595	3.126603e-05	0.023705699	0.046513613	0.034363005	6.1186643e-06	0.0076044183	0.02743044
G	0.26312393	0.011337152	0.024884261	0.020860614	0.00967031	0.0112839425	0.015002758	-0.5676594	0.0058352337	0.0034036231	0.014349235	0.009020397	0.0041195774	0.012756646	0.009477273	0.11365015	0.016884638	0.004473523	0.0030650299	0.014461097
H	0.010377875	0.114192195	0.2168314	0.031424694	0.0030516086	0.2088234	0.041922238	0.035198867	-1.1237309	0.0026722834	0.03657147	0.04020687	0.012453963	0.044292573	0.03230221	0.07635319	0.03033594	0.006168186	0.16938819	0.011163773
I	0.02345238	0.0026742546	0.0057699624	3.157444e-05	0.0022256859	0.0012260431	0.001096314	0.0024615582	0.00032039135	-1.5140755	0.4388526	0.0026875103	0.11674523	0.0685991	0.005460293	0.0107172355	0.052605476	0.0028527284	0.0038872526	0.77240986
L	0.03398685	0.0021057073	0.0028208175	0.0003819701	0.0039659315	0.006304557	0.0023949554	0.006186155	0.0026137498	0.2616026	-0.80893016	0.00274581	0.16930525	0.13888355	0.008430263	0.009072182	0.027743775	0.010547013	0.005060111	0.11477893
K	0.019206936	0.2965655	0.103973076	0.012550448	4.1081994e-06	0.06914807	0.046599314	0.022248251	0.016439933	0.009165406	0.015709005	-0.7906803	0.012772603	0.004333941	0.025198147	0.054878876	0.052734613	0.00349978	0.0073975516	0.018254682
M	0.07726741	0.00036860997	0.019435935	0.0014868618	0.0076491376	0.020273939	0.0008428921	0.0072852233	0.003651131	0.2854702	0.69449425	0.009157974	-1.555047	0.09222938	0.0019458386	0.03694819	0.1116522	0.0074892156	0.017740974	0.15965763
F	0.029362561	0.0013069587	0.0037543569	4.829988e-06	0.014160978	7.744831e-05	1.1788943e-05	0.011767321	0.00677332	0.08749655	0.29716653	0.0016208913	0.04810832	-0.78118855	0.005015631	0.01733025	0.0110289855	0.024099536	0.1633491	0.0587533
P	0.07467725	0.010023796	0.006146473	0.0153616555	0.0016309145	0.0145935435	0.014569102	0.014249592	0.008051575	0.0113518415	0.029401412	0.015360927	0.0016543813	0.008175296	-0.36043632	0.06471199	0.03630152	0.0041665756	0.0047148685	0.025293596
S	0.45859888	0.01698613	0.12343591	0.024140308	0.035649747	0.022503868	0.020661449	0.123506464	0.013755503	0.016104002	0.022868594	0.024179911	0.022705058	0.020416597	0.046771944	-1.3069052	0.28694707	0.002045616	0.016157005	0.009471165
T	0.21347	0.012825483	0.046846174	0.012266154	0.012027191	0.025243396	0.0186663	0.022438707	0.006683334	0.096664816	0.08552235	0.028413951	0.083904095	0.015889145	0.032085728	0.35090387	-1.2666557	0.0012041037	0.005942343	0.19565864
W	0.013264768	0.01555151	0.0053798994	0.0021903517	0.006930157	0.0022622647	8.225219e-06	0.014712263	0.003362923	0.012972438	0.08045765	0.0046665985	0.013927589	0.085920624	0.009113603	0.006190622	0.0029798036	-0.36178327	0.06560672	0.016285265
Y	0.011926275	0.009389901	0.03288576	0.009086247	0.008235097	0.009075367	0.0065706368	0.0064791073	0.0593599	0.011361995	0.024811242	0.0063401316	0.021206437	0.37433124	0.00662874	0.03142835	0.009452182	0.042169545	-0.6922954	0.011557215
V	0.19841188	0.0019853674	0.0023658387	0.002068776	0.013777264	0.003823569	0.007953489	0.010258057	0.0013128179	0.7576055	0.18885744	0.0052501056	0.06404178	0.04518092	0.011933161	0.006182265	0.10443759	0.0035126016	0.0038782575	-1.4328364
