	A	R	N	D	C	Q	E	G	H	I	L	K	M	F	P	S	T	W	Y	V
A	-1.0800377	0.01769326	0.007604226	0.017926682	0.026262404	0.024253428	0.040648896	0.16217528	0.006849049	0.019053785	0.045968406	0.02402843	0.03002076	0.016930148	0.057088695	0.28485253	0.107239775	0.0025312616	0.0063120704	0.18259859
R	0.032390855	-0.6956258	0.019773373	0.012353071	0.0045268936	0.06731045	0.024966117	0.02088118	0.042322133	0.00622303	0.022216534	0.32631674	0.0022185193	0.0011117607	0.015031575	0.03620013	0.03223876	0.0073546297	0.013634508	0.008555566
N	0.018367857	0.026089737	-0.9751292	0.18361495	0.007570999	0.060825933	0.0305462	0.06803945	0.093597166	0.010672352	0.011136273	0.10455374	0.013395969	0.0053025275	0.013562644	0.21300593	0.07783013	0.0021106238	0.024931613	0.00997514
D	0.034831602	0.013110942	0.14769918	-0.71846145	0.001529884	0.021972816	0.28854302	0.049194552	0.018440582	0.0008978976	0.0018098765	0.02562252	0.000701373	5.0367733e-05	0.01944372	0.055061307	0.029232165	0.0005226852	0.005909913	0.0038870948
C	0.24977013	0.023517534	0.029809574	0.0074884337	-1.1501789	0.0023769592	2.9077984e-05	0.058470853	0.008878819	0.024253216	0.0836103	0.0043354477	0.031739946	0.07384501	0.004126944	0.22819577	0.09182324	0.011264792	0.039486162	0.17715676
Q	0.07230725	0.10961669	0.07507476	0.033714827	0.00074511685	-1.169638	0.27089646	0.023437742	0.10046226	0.006040813	0.054037616	0.17693833	0.04236464	0.0038973072	0.030202065	0.075847946	0.060561854	0.0030807122	0.014236017	0.016175473
E	0.062555425	0.020987112	0.019461213	0.22853528	4.7051612e-06	0.13983338	-0.71207285	0.023866095	0.016770672	0.0015474337	0.008848067	0.07347948	0.0031403517	0.0006364148	0.022939766	0.033775017	0.030347615	0.0012004471	0.0045891483	0.019555295
G	0.21538933	0.015148861	0.037410785	0.033626605	0.008165316	0.010441109	0.020597035	-0.53070784	0.0076855524	0.0029114375	0.00895911	0.015192928	0.004613902	0.007148766	0.008739755	0.10624662	0.013903375	0.0035687168	0.0024287088	0.008529954
H	0.030707164	0.10364836	0.17372753	0.042551074	0.004185608	0.15107885	0.0488589	0.02594448	-0.98995334	0.0043945047	0.033773154	0.051816028	0.0095052095	0.039473932	0.019862974	0.05058445	0.027173562	0.0058039464	0.15263107	0.014232551
I	0.02339459	0.0041737026	0.0054248893	0.00056739757	0.0031311035	0.002487831	0.0012346106	0.0026915479	0.0012034684	-1.4591016	0.41413596	0.00489329	0.11216869	0.05731583	0.005788421	0.004987658	0.04704618	0.0021204492	0.004859805	0.7614762
L	0.034584202	0.009130195	0.0034686038	0.0007007994	0.00661412	0.013636592	0.004325642	0.0050750887	0.0056673563	0.2537623	-0.8127855	0.0062052496	0.1603667	0.118574165	0.008939758	0.008580116	0.02520277	0.008878853	0.008113373	0.13095972
K	0.042255476	0.3134602	0.07611911	0.023190277	0.0008016514	0.10436884	0.08396678	0.02011683	0.020324146	0.0070084883	0.014504358	-0.85666704	0.013062124	0.0024388041	0.02228449	0.043445595	0.04659223	0.0010404508	0.005382298	0.01630485
M	0.08958623	0.003616332	0.016549703	0.0010771969	0.009959091	0.042404734	0.0060895006	0.010366887	0.0063266214	0.27261958	0.6360854	0.02216541	-1.4981133	0.090122804	0.0029068324	0.033798285	0.09719018	0.009475351	0.014560198	0.13321306
F	0.028097246	0.0010078589	0.003643195	4.3021133e-05	0.012885997	0.0021694961	0.0006863206	0.008932942	0.014611807	0.077471755	0.26156202	0.00230156	0.05012081	-0.8070148	0.004258704	0.018853484	0.009676559	0.033104468	0.22464047	0.05294705
P	0.09774087	0.014057757	0.009613178	0.017132943	0.0007429313	0.017344192	0.02552107	0.011266417	0.0075850934	0.008071459	0.020343866	0.021695575	0.001667733	0.0043933988	-0.375033	0.060921658	0.030107291	0.002425234	0.004617531	0.019784825
S	0.43484285	0.030186154	0.13461715	0.04325987	0.03662805	0.038837146	0.033503607	0.12212028	0.017223436	0.0062011853	0.01740953	0.037713807	0.017289693	0.017342068	0.054319754	-1.3988202	0.33356717	0.0012480539	0.012970772	0.009539651
T	0.18332008	0.030103566	0.05508057	0.025718264	0.016504439	0.03472519	0.033710293	0.01789513	0.010360753	0.06550045	0.057264317	0.045290805	0.05567458	0.009967176	0.030060742	0.3735298	-1.2199085	0.001761499	0.0072674006	0.1661736
W	0.0135034295	0.021431537	0.004661379	0.001435072	0.006318648	0.005512511	0.0041613462	0.014334401	0.006905911	0.009212994	0.06295723	0.0031562469	0.016938806	0.10641202	0.007556743	0.0043614223	0.0054971213	-0.4117383	0.10260192	0.0147795435
Y	0.01558645	0.018390786	0.025487205	0.007510744	0.010252134	0.011791121	0.007363618	0.004515556	0.084063776	0.009773724	0.02662922	0.0075576277	0.012048224	0.3342415	0.0066597676	0.020981135	0.0104978485	0.04749237	-0.6784388	0.017595986
V	0.1988694	0.0050898474	0.0044976547	0.0021788243	0.020287208	0.005909067	0.013839447	0.0069948393	0.0034573541	0.6754493	0.1895789	0.010097871	0.048618082	0.034746367	0.01258568	0.006805982	0.10587135	0.0030173422	0.007760842	-1.3556552
